ChannelID, ApplicationMessageID, ApplicationTimeout
1159163082367578182, 1696700056480
1159163082367578182, 1696700183617
1159163082367578182, 1696700210588
1159163082367578182, 1696702130510
1159163082367578182, 1696706239058
1159163082367578182, 1696706308203
1159163082367578182, 1696706348855
1159163082367578182, 1696706795553
1159163082367578182, 1696710383572
1159163082367578182, 1696714162664
1159163082367578182, 1696715434375
1159163082367578182, 1696723200802
1159163082367578182, 1696723334595
1159163082367578182, 1696723474301
1159163082367578182, 1696725872433
1159163082367578182, 1696727618125
1159163082367578182, 1696727779705
1159163082367578182, 1696727879476
1159163082367578182, 1696768821828
1159163082367578182, 1696770443952
1159163082367578182, 1696771659631
1159163082367578182, 1696771727539
1159163082367578182, 1696790943721
1159163082367578182, 1696791017718
1159163082367578182, 1696805609615
1159163082367578182, 1696805832226
1159163082367578182, 1696805893742
1159163082367578182, 1696805944673
1159163082367578182, 1696806027475